<Kinematics>
	<CompensationModule upgrade_type="use_backup">
		<ScrewAxis>
			<W>-4.8280913000000002e-03 4.9076459999999999e-03 9.9997630000000004e-01</W>
			<!-- W1 -->
			<W>-7.3399284000000005e-04 9.9998613999999997e-01 -5.2128273000000003e-03</W>
			<!-- W2 -->
			<W>-1.2807932000000000e-03 9.9998662000000005e-01 -5.0122300999999999e-03</W>
			<!-- W3 -->
			<W>-7.4335032999999998e-03 5.3211140000000001e-03 9.9995820999999996e-01</W>
			<!-- W4 -->
			<W>-1.6961577000000000e-03 9.9998518999999997e-01 -5.1711641000000003e-03</W>
			<!-- W5 -->
			<W>-6.5922345000000004e-03 4.9623469999999998e-03 9.9996596000000004e-01</W>
			<!-- W6 -->
		</ScrewAxis>
		<ScrewVelocity>
			<V>9.3420763000000004e+00 3.4180049000000001e+00 2.8330711000000001e-02</V>
			<V>5.6423420999999996e-01 -1.8022547000000000e-02 -3.5367451000000001e+00</V>
			<V>-3.9970096000000001e+02 -5.4208036000000004e-01 -6.0130599999999994e+00</V>
			<V>2.9336313000000001e+01 2.9775535000000000e+00 2.0223613000000001e-01</V>
			<V>-8.4911023999999998e+02 -1.4875545000000001e+00 -9.1483499999999989e+00</V>
			<V>2.9696697000000000e+01 3.6561482000000001e+00 1.7763055999999999e-01</V>
		</ScrewVelocity>
		<InitialHolderPose>
			<Rotation>9.9997812817258769e-01 3.1251219596732343e-03 -5.8289612440596489e-03 -3.0894325590735939e-03 9.9997648945722228e-01 6.1217594915768565e-03 5.8479554470359353e-03 -6.1036174148568212e-03 9.9996427299756196e-01</Rotation>
			<Position>-2.0653847547227776e+01 3.5004463944530897e+01 1.0596420066400241e+03</Position>
		</InitialHolderPose>
		<InitialProbePose>
			<Rotation>9.9998453972161216e-01 -4.4440705646741361e-03 3.3422379585689435e-03 4.4477846338595974e-03 9.9998949843431473e-01 -1.1046415430390592e-03 -3.3372937548715497e-03 1.1194900196081104e-03 9.9999380458705334e-01</Rotation>
			<Position>1.6432092877871543e+01 3.5521217448722510e+01 1.1820155763539042e+03</Position>
		</InitialProbePose>
		<InitialCameraPose>
			<Rotation>-3.7761957e-02 8.1262137e-03 9.9925372e-01 -9.9926662e-01 -6.6567783e-03 -3.7708309e-02 6.3453847e-03 -9.9994482e-01 8.3716271e-03</Rotation>
			<Position>26.543215 49.302053 1033.5632</Position>
		</InitialCameraPose>
	</CompensationModule>
</Kinematics>